/*---------------------------------------------------------------------------*\
Description
{
	object				cells-connectivity;
	number-of-cells		72;
	internal-cells		34;
	ghost-cells			38;
}
\*---------------------------------------------------------------------------*/

72
(
	(1, [72, 35, 2, 18], [1, 2, 20, 19], 4)
	(2, [1, 36, 3, 19], [2, 3, 21, 20], 4)
	(3, [2, 37, 4, 20], [3, 4, 22, 21], 4)
	(4, [3, 38, 5, 21], [4, 5, 23, 22], 4)
	(5, [4, 39, 6, 22], [5, 6, 24, 23], 4)
	(6, [5, 40, 7, 23], [6, 7, 25, 24], 4)
	(7, [6, 41, 8, 24], [7, 8, 26, 25], 4)
	(8, [7, 42, 9, 25], [8, 9, 27, 26], 4)
	(9, [8, 43, 10, 26], [9, 10, 28, 27], 4)
	(10, [9, 44, 11, 27], [10, 11, 29, 28], 4)
	(11, [10, 45, 12, 28], [11, 12, 30, 29], 4)
	(12, [11, 46, 13, 29], [12, 13, 31, 30], 4)
	(13, [12, 47, 14, 30], [13, 14, 32, 31], 4)
	(14, [13, 48, 15, 31], [14, 15, 33, 32], 4)
	(15, [14, 49, 16, 32], [15, 16, 34, 33], 4)
	(16, [15, 50, 17, 33], [16, 17, 35, 34], 4)
	(17, [16, 51, 52, 34], [17, 18, 36, 35], 4)
	(18, [71, 1, 19, 70], [19, 20, 38, 37], 4)
	(19, [18, 2, 20, 69], [20, 21, 39, 38], 4)
	(20, [19, 3, 21, 68], [21, 22, 40, 39], 4)
	(21, [20, 4, 22, 67], [22, 23, 41, 40], 4)
	(22, [21, 5, 23, 66], [23, 24, 42, 41], 4)
	(23, [22, 6, 24, 65], [24, 25, 43, 42], 4)
	(24, [23, 7, 25, 64], [25, 26, 44, 43], 4)
	(25, [24, 8, 26, 63], [26, 27, 45, 44], 4)
	(26, [25, 9, 27, 62], [27, 28, 46, 45], 4)
	(27, [26, 10, 28, 61], [28, 29, 47, 46], 4)
	(28, [27, 11, 29, 60], [29, 30, 48, 47], 4)
	(29, [28, 12, 30, 59], [30, 31, 49, 48], 4)
	(30, [29, 13, 31, 58], [31, 32, 50, 49], 4)
	(31, [30, 14, 32, 57], [32, 33, 51, 50], 4)
	(32, [31, 15, 33, 56], [33, 34, 52, 51], 4)
	(33, [32, 16, 34, 55], [34, 35, 53, 52], 4)
	(34, [33, 17, 53, 54], [35, 36, 54, 53], 4)
	(35, [-1, -1, 36, 1], [55, 56, 2, 1], 4)
	(36, [35, -1, 37, 2], [56, 57, 3, 2], 4)
	(37, [36, -1, 38, 3], [57, 58, 4, 3], 4)
	(38, [37, -1, 39, 4], [58, 59, 5, 4], 4)
	(39, [38, -1, 40, 5], [59, 60, 6, 5], 4)
	(40, [39, -1, 41, 6], [60, 61, 7, 6], 4)
	(41, [40, -1, 42, 7], [61, 62, 8, 7], 4)
	(42, [41, -1, 43, 8], [62, 63, 9, 8], 4)
	(43, [42, -1, 44, 9], [63, 64, 10, 9], 4)
	(44, [43, -1, 45, 10], [64, 65, 11, 10], 4)
	(45, [44, -1, 46, 11], [65, 66, 12, 11], 4)
	(46, [45, -1, 47, 12], [66, 67, 13, 12], 4)
	(47, [46, -1, 48, 13], [67, 68, 14, 13], 4)
	(48, [47, -1, 49, 14], [68, 69, 15, 14], 4)
	(49, [48, -1, 50, 15], [69, 70, 16, 15], 4)
	(50, [49, -1, 51, 16], [70, 71, 17, 16], 4)
	(51, [50, -1, -1, 17], [71, 72, 18, 17], 4)
	(52, [17, -1, -1, 66], [18, 73, 74, 36], 4)
	(53, [34, 52, -1, -1], [36, 74, 75, 54], 4)
	(54, [55, 34, -1, -1], [53, 54, 76, 77], 4)
	(55, [56, 33, 54, -1], [52, 53, 77, 78], 4)
	(56, [57, 32, 55, -1], [51, 52, 78, 79], 4)
	(57, [58, 31, 56, -1], [50, 51, 79, 80], 4)
	(58, [59, 30, 57, -1], [49, 50, 80, 81], 4)
	(59, [60, 29, 58, -1], [48, 49, 81, 82], 4)
	(60, [61, 28, 59, -1], [47, 48, 82, 83], 4)
	(61, [62, 27, 60, -1], [46, 47, 83, 84], 4)
	(62, [63, 26, 61, -1], [45, 46, 84, 85], 4)
	(63, [64, 25, 62, -1], [44, 45, 85, 86], 4)
	(64, [65, 24, 63, -1], [43, 44, 86, 87], 4)
	(65, [66, 23, 64, -1], [42, 43, 87, 88], 4)
	(66, [67, 22, 65, -1], [41, 42, 88, 89], 4)
	(67, [68, 21, 66, -1], [40, 41, 89, 90], 4)
	(68, [69, 20, 67, -1], [39, 40, 90, 91], 4)
	(69, [70, 19, 68, -1], [38, 39, 91, 92], 4)
	(70, [-1, 18, 69, -1], [37, 38, 92, 93], 4)
	(71, [-1, 72, 18, -1], [95, 19, 37, 94], 4)
	(72, [-1, -1, 1, 71], [96, 1, 19, 95], 4)
)