/*---------------------------------------------------------------------------*\
Description
{
	object				nodes-coordinates;
	number-of-nodes		96;
	internal-nodes		54;
	ghost-nodes			42;
}
\*---------------------------------------------------------------------------*/

96
(
	(1, [10.  0.])
 	(2, [5.6 0. ])
 	(3, [1.2 0. ])
 	(4, [ 1.0586 -0.012 ])
 	(5, [ 1. -0.])
 	(6, [ 0.6173 -0.044 ])
 	(7, [ 0.2929 -0.06  ])
 	(8, [ 0.0761 -0.0422])
 	(9, [ 0. -0.])
 	(10, [0. 0.])
 	(11, [0.0761 0.0422])
 	(12, [0.2929 0.06  ])
 	(13, [0.6173 0.044 ])
 	(14, [1. 0.])
 	(15, [1.0586 0.012 ])
 	(16, [1.2 0. ])
 	(17, [5.6 0. ])
 	(18, [10.  0.])
 	(19, [10.     -1.7717])
 	(20, [ 7.058  -2.2934])
 	(21, [ 4.2889 -2.3552])
 	(22, [ 2.4336 -2.2773])
 	(23, [ 1.3223 -2.0625])
 	(24, [ 0.5084 -1.7257])
 	(25, [-0.0909 -1.291 ])
 	(26, [-0.4811 -0.7937])
 	(27, [-0.6695 -0.2665])
 	(28, [-0.6695  0.2662])
 	(29, [-0.4812  0.7935])
 	(30, [-0.091   1.2908])
 	(31, [0.5083 1.7256])
 	(32, [1.3222 2.0624])
 	(33, [2.4336 2.2773])
 	(34, [4.2889 2.3552])
 	(35, [7.058  2.2934])
 	(36, [10.      1.7717])
 	(37, [10. -5.])
 	(38, [ 7.75 -5.  ])
 	(39, [ 5.5 -5. ])
 	(40, [ 3.25 -5.  ])
 	(41, [ 1. -5.])
 	(42, [-0.7101 -4.6985])
 	(43, [-2.2139 -3.8302])
 	(44, [-3.3301 -2.5   ])
 	(45, [-3.924  -0.8682])
 	(46, [-3.924   0.8682])
 	(47, [-3.3301  2.5   ])
 	(48, [-2.2139  3.8302])
 	(49, [-0.7101  4.6985])
 	(50, [1. 5.])
 	(51, [3.25 5.  ])
 	(52, [5.5 5. ])
 	(53, [7.75 5.  ])
 	(54, [10.  5.])
 	(55, [10.     -1.7717])
 	(56, [ 5.6    -2.2934])
 	(57, [ 1.2    -2.3552])
 	(58, [ 1.0586 -2.2773])
 	(59, [ 1.     -2.0625])
 	(60, [ 0.6173 -1.7257])
 	(61, [ 0.2929 -1.291 ])
 	(62, [ 0.0761 -0.7937])
 	(63, [ 0.     -0.2665])
 	(64, [ 0.     -0.2662])
 	(65, [ 0.0761 -0.709 ])
 	(66, [ 0.2929 -1.1708])
 	(67, [ 0.6173 -1.6375])
 	(68, [ 1.     -2.0624])
 	(69, [ 1.0586 -2.2533])
 	(70, [ 1.2    -2.3552])
 	(71, [ 5.6    -2.2934])
 	(72, [10.     -1.7717])
 	(73, [14.4  0. ])
 	(74, [12.942   1.7717])
 	(75, [12.25  5.  ])
 	(76, [10.      8.2283])
 	(77, [7.75   7.7066])
 	(78, [5.5    7.6448])
 	(79, [3.25   7.7227])
 	(80, [1.     7.9376])
 	(81, [-0.7101  7.6714])
 	(82, [-2.2139  6.3696])
 	(83, [-3.3301  4.2065])
 	(84, [-3.924   1.4703])
 	(85, [-3.924  -0.2665])
 	(86, [-3.3301 -0.7937])
 	(87, [-2.2139 -1.291 ])
 	(88, [-0.7101 -1.7257])
 	(89, [ 1.     -2.0625])
 	(90, [ 3.25   -2.2773])
 	(91, [ 5.5    -2.3552])
 	(92, [ 7.75   -2.2934])
 	(93, [10.     -1.7717])
 	(94, [ 7.75 -5.  ])
 	(95, [ 7.058  -1.7717])
 	(96, [5.6 0. ])
 )