/*---------------------------------------------------------------------------*\
Description
{
	object		boundary-flags;
}
\*---------------------------------------------------------------------------*/

6
(
	solid		1	: [4001, 4002, 4003, 4004, 4005, 4006, 4007, 4008, 4009, 4010, 4011, 4012, 4013, 4014, 4015, 4016, 4017, 4018, 4019, 4020]
	inlet		2	: [2011, 2012, 2013, 2014, 2015, 2016, 2017, 2018, 2019, 2020, 2021, 2022]
	outlet		3	: [1001, 1002, 1003, 3001, 3002, 3003]
	farfield	4	: [2001, 2002, 2003, 2004, 2005, 2006, 2007, 2008, 2009, 2010, 2023, 2024, 2025, 2026, 2027, 2028, 2029, 2030, 2031, 2032]
	symmetry	5	: []
	periodic	6	: []
)