/*---------------------------------------------------------------------------*\
Description
{
	object				cells-connectivity;
	number-of-cells		154;
	internal-cells		96;
	ghost-cells			58;
}
\*---------------------------------------------------------------------------*/

96
(
	(1, [1001, 32, 2, 34], [1, 2, 35, 34], 4)
	(2, [1, 31, 3, 35], [2, 3, 36, 35], 4)
	(3, [2, 30, 4, 36], [3, 4, 37, 36], 4)
	(4, [3, 29, 5, 37], [4, 5, 38, 37], 4)
	(5, [4, 28, 6, 38], [5, 6, 39, 38], 4)
	(6, [5, 4001, 7, 39], [6, 7, 40, 39], 4)
	(7, [6, 4002, 8, 40], [7, 8, 41, 40], 4)
	(8, [7, 4003, 9, 41], [8, 9, 42, 41], 4)
	(9, [8, 4004, 10, 42], [9, 10, 43, 42], 4)
	(10, [9, 23, 11, 43], [10, 11, 44, 43], 4)
	(11, [10, 4005, 12, 44], [11, 12, 45, 44], 4)
	(12, [11, 4006, 13, 45], [12, 13, 46, 45], 4)
	(13, [12, 4007, 14, 46], [13, 14, 47, 46], 4)
	(14, [13, 4008, 15, 47], [14, 15, 48, 47], 4)
	(15, [14, 4009, 16, 48], [15, 16, 49, 48], 4)
	(16, [15, 4010, 17, 49], [16, 17, 50, 49], 4)
	(17, [16, 4011, 18, 50], [17, 18, 51, 50], 4)
	(18, [17, 4012, 19, 51], [18, 19, 52, 51], 4)
	(19, [18, 4013, 20, 52], [19, 20, 53, 52], 4)
	(20, [19, 4014, 21, 53], [20, 21, 54, 53], 4)
	(21, [20, 4015, 22, 54], [21, 22, 55, 54], 4)
	(22, [21, 4016, 23, 55], [22, 23, 56, 55], 4)
	(23, [22, 10, 24, 56], [23, 24, 57, 56], 4)
	(24, [23, 4017, 25, 57], [24, 25, 58, 57], 4)
	(25, [24, 4018, 26, 58], [25, 26, 59, 58], 4)
	(26, [25, 4019, 27, 59], [26, 27, 60, 59], 4)
	(27, [26, 4020, 28, 60], [27, 28, 61, 60], 4)
	(28, [27, 5, 29, 61], [28, 29, 62, 61], 4)
	(29, [28, 4, 30, 62], [29, 30, 63, 62], 4)
	(30, [29, 3, 31, 63], [30, 31, 64, 63], 4)
	(31, [30, 2, 32, 64], [31, 32, 65, 64], 4)
	(32, [31, 1, 3001, 65], [32, 33, 66, 65], 4)
	(34, [1002, 1, 35, 67], [34, 35, 68, 67], 4)
	(35, [34, 2, 36, 68], [35, 36, 69, 68], 4)
	(36, [35, 3, 37, 69], [36, 37, 70, 69], 4)
	(37, [36, 4, 38, 70], [37, 38, 71, 70], 4)
	(38, [37, 5, 39, 71], [38, 39, 72, 71], 4)
	(39, [38, 6, 40, 72], [39, 40, 73, 72], 4)
	(40, [39, 7, 41, 73], [40, 41, 74, 73], 4)
	(41, [40, 8, 42, 74], [41, 42, 75, 74], 4)
	(42, [41, 9, 43, 75], [42, 43, 76, 75], 4)
	(43, [42, 10, 44, 76], [43, 44, 77, 76], 4)
	(44, [43, 11, 45, 77], [44, 45, 78, 77], 4)
	(45, [44, 12, 46, 78], [45, 46, 79, 78], 4)
	(46, [45, 13, 47, 79], [46, 47, 80, 79], 4)
	(47, [46, 14, 48, 80], [47, 48, 81, 80], 4)
	(48, [47, 15, 49, 81], [48, 49, 82, 81], 4)
	(49, [48, 16, 50, 82], [49, 50, 83, 82], 4)
	(50, [49, 17, 51, 83], [50, 51, 84, 83], 4)
	(51, [50, 18, 52, 84], [51, 52, 85, 84], 4)
	(52, [51, 19, 53, 85], [52, 53, 86, 85], 4)
	(53, [52, 20, 54, 86], [53, 54, 87, 86], 4)
	(54, [53, 21, 55, 87], [54, 55, 88, 87], 4)
	(55, [54, 22, 56, 88], [55, 56, 89, 88], 4)
	(56, [55, 23, 57, 89], [56, 57, 90, 89], 4)
	(57, [56, 24, 58, 90], [57, 58, 91, 90], 4)
	(58, [57, 25, 59, 91], [58, 59, 92, 91], 4)
	(59, [58, 26, 60, 92], [59, 60, 93, 92], 4)
	(60, [59, 27, 61, 93], [60, 61, 94, 93], 4)
	(61, [60, 28, 62, 94], [61, 62, 95, 94], 4)
	(62, [61, 29, 63, 95], [62, 63, 96, 95], 4)
	(63, [62, 30, 64, 96], [63, 64, 97, 96], 4)
	(64, [63, 31, 65, 97], [64, 65, 98, 97], 4)
	(65, [64, 32, 3002, 98], [65, 66, 99, 98], 4)
	(67, [1003, 34, 68, 2001], [67, 68, 101, 100], 4)
	(68, [67, 35, 69, 2002], [68, 69, 102, 101], 4)
	(69, [68, 36, 70, 2003], [69, 70, 103, 102], 4)
	(70, [69, 37, 71, 2004], [70, 71, 104, 103], 4)
	(71, [70, 38, 72, 2005], [71, 72, 105, 104], 4)
	(72, [71, 39, 73, 2006], [72, 73, 106, 105], 4)
	(73, [72, 40, 74, 2007], [73, 74, 107, 106], 4)
	(74, [73, 41, 75, 2008], [74, 75, 108, 107], 4)
	(75, [74, 42, 76, 2009], [75, 76, 109, 108], 4)
	(76, [75, 43, 77, 2010], [76, 77, 110, 109], 4)
	(77, [76, 44, 78, 2011], [77, 78, 111, 110], 4)
	(78, [77, 45, 79, 2012], [78, 79, 112, 111], 4)
	(79, [78, 46, 80, 2013], [79, 80, 113, 112], 4)
	(80, [79, 47, 81, 2014], [80, 81, 114, 113], 4)
	(81, [80, 48, 82, 2015], [81, 82, 115, 114], 4)
	(82, [81, 49, 83, 2016], [82, 83, 116, 115], 4)
	(83, [82, 50, 84, 2017], [83, 84, 117, 116], 4)
	(84, [83, 51, 85, 2018], [84, 85, 118, 117], 4)
	(85, [84, 52, 86, 2019], [85, 86, 119, 118], 4)
	(86, [85, 53, 87, 2020], [86, 87, 120, 119], 4)
	(87, [86, 54, 88, 2021], [87, 88, 121, 120], 4)
	(88, [87, 55, 89, 2022], [88, 89, 122, 121], 4)
	(89, [88, 56, 90, 2023], [89, 90, 123, 122], 4)
	(90, [89, 57, 91, 2024], [90, 91, 124, 123], 4)
	(91, [90, 58, 92, 2025], [91, 92, 125, 124], 4)
	(92, [91, 59, 93, 2026], [92, 93, 126, 125], 4)
	(93, [92, 60, 94, 2027], [93, 94, 127, 126], 4)
	(94, [93, 61, 95, 2028], [94, 95, 128, 127], 4)
	(95, [94, 62, 96, 2029], [95, 96, 129, 128], 4)
	(96, [95, 63, 97, 2030], [96, 97, 130, 129], 4)
	(97, [96, 64, 98, 2031], [97, 98, 131, 130], 4)
	(98, [97, 65, 3003, 2032], [98, 99, 132, 131], 4)
)