/*---------------------------------------------------------------------------*\
Description
{
	object				nodes-coordinates;
	number-of-nodes		196;
	internal-nodes		132;
	ghost-nodes			64;
}
\*---------------------------------------------------------------------------*/

196
(
	(1, [10.  0.])
 	(2, [7.875 0.   ])
 	(3, [5.75 0.  ])
 	(4, [3.625 0.   ])
 	(5, [1.5 0. ])
 	(6, [1.3 0. ])
 	(7, [ 1.2235 -0.0088])
 	(8, [ 1.1586 -0.012 ])
 	(9, [ 1.1152 -0.0084])
 	(10, [ 1.1 -0. ])
 	(11, [1. 0.])
 	(12, [ 0.7412 -0.0321])
 	(13, [ 0.5    -0.0529])
 	(14, [ 0.2929 -0.06  ])
 	(15, [ 0.134  -0.0517])
 	(16, [ 0.0341 -0.0301])
 	(17, [ 0. -0.])
 	(18, [0.0341 0.0301])
 	(19, [0.134  0.0517])
 	(20, [0.2929 0.06  ])
 	(21, [0.5    0.0529])
 	(22, [0.7412 0.0321])
 	(23, [1. 0.])
 	(24, [1.1 0. ])
 	(25, [1.1152 0.0084])
 	(26, [1.1586 0.012 ])
 	(27, [1.2235 0.0088])
 	(28, [1.3 0. ])
 	(29, [1.5 0. ])
 	(30, [3.625 0.   ])
 	(31, [5.75 0.  ])
 	(32, [7.875 0.   ])
 	(33, [10.  0.])
 	(34, [10.     -1.6574])
 	(35, [ 8.2647 -1.6574])
 	(36, [ 6.6535 -1.6479])
 	(37, [ 5.2331 -1.6247])
 	(38, [ 3.97   -1.5835])
 	(39, [ 3.0442 -1.5279])
 	(40, [ 2.4238 -1.4595])
 	(41, [ 1.958  -1.3807])
 	(42, [ 1.5842 -1.2921])
 	(43, [ 1.2726 -1.1945])
 	(44, [ 1.     -1.0895])
 	(45, [ 0.6399 -0.9718])
 	(46, [ 0.3227 -0.8261])
 	(47, [ 0.0582 -0.652 ])
 	(48, [-0.142  -0.4519])
 	(49, [-0.2671 -0.2315])
 	(50, [-0.3097  0.    ])
 	(51, [-0.2671  0.2315])
 	(52, [-0.142   0.4519])
 	(53, [0.0582 0.6521])
 	(54, [0.3227 0.8261])
 	(55, [0.6399 0.9718])
 	(56, [1.     1.0896])
 	(57, [1.2726 1.1946])
 	(58, [1.5843 1.2922])
 	(59, [1.9581 1.3808])
 	(60, [2.4239 1.4596])
 	(61, [3.0443 1.5279])
 	(62, [3.9701 1.5835])
 	(63, [5.2332 1.6247])
 	(64, [6.6536 1.6479])
 	(65, [8.2647 1.6574])
 	(66, [10.      1.6574])
 	(67, [10.     -3.3249])
 	(68, [ 8.4258 -3.3249])
 	(69, [ 6.9759 -3.3186])
 	(70, [ 5.7206 -3.3041])
 	(71, [ 4.6681 -3.2785])
 	(72, [ 3.8082 -3.2387])
 	(73, [ 3.099  -3.1816])
 	(74, [ 2.4928 -3.1038])
 	(75, [ 1.9546 -3.0007])
 	(76, [ 1.462  -2.8657])
 	(77, [ 1.    -2.689])
 	(78, [ 0.3067 -2.4389])
 	(79, [-0.2869 -2.0849])
 	(80, [-0.7674 -1.6439])
 	(81, [-1.1217 -1.1349])
 	(82, [-1.3389 -0.5793])
 	(83, [-1.4121  0.    ])
 	(84, [-1.3389  0.5793])
 	(85, [-1.1217  1.1349])
 	(86, [-0.7675  1.6439])
 	(87, [-0.2869  2.085 ])
 	(88, [0.3067 2.439 ])
 	(89, [1.     2.6891])
 	(90, [1.462  2.8658])
 	(91, [1.9546 3.0008])
 	(92, [2.4928 3.1039])
 	(93, [3.099  3.1817])
 	(94, [3.8082 3.2388])
 	(95, [4.6682 3.2785])
 	(96, [5.7206 3.3041])
 	(97, [6.976  3.3186])
 	(98, [8.4259 3.325 ])
 	(99, [10.     3.325])
 	(100, [10. -5.])
 	(101, [ 8.4258 -5.    ])
 	(102, [ 6.9759 -5.    ])
 	(103, [ 5.7206 -5.    ])
 	(104, [ 4.6681 -5.    ])
 	(105, [ 3.8082 -5.    ])
 	(106, [ 3.099 -5.   ])
 	(107, [ 2.4928 -5.    ])
 	(108, [ 1.9546 -5.    ])
 	(109, [ 1.462 -5.   ])
 	(110, [ 1. -5.])
 	(111, [-0.2941 -4.8296])
 	(112, [-1.5    -4.3301])
 	(113, [-2.5355 -3.5355])
 	(114, [-3.3301 -2.5   ])
 	(115, [-3.8296 -1.2941])
 	(116, [-4. -0.])
 	(117, [-3.8296  1.2941])
 	(118, [-3.3301  2.5   ])
 	(119, [-2.5355  3.5355])
 	(120, [-1.5     4.3301])
 	(121, [-0.2941  4.8296])
 	(122, [1. 5.])
 	(123, [1.462 5.   ])
 	(124, [1.9546 5.    ])
 	(125, [2.4928 5.    ])
 	(126, [3.099 5.   ])
 	(127, [3.8082 5.    ])
 	(128, [4.6682 5.    ])
 	(129, [5.7206 5.    ])
 	(130, [6.976 5.   ])
 	(131, [8.4259 5.    ])
 	(132, [10.  5.])
 	(1001, [12.125  0.   ])
 	(1002, [11.7353 -1.6574])
 	(1003, [11.5742 -3.3249])
 	(1004, [11.5742 -5.    ])
 	(2001, [10.     -6.6751])
 	(2002, [ 8.4258 -6.6751])
 	(2003, [ 6.9759 -6.6814])
 	(2004, [ 5.7206 -6.6959])
 	(2005, [ 4.6681 -6.7215])
 	(2006, [ 3.8082 -6.7613])
 	(2007, [ 3.099  -6.8184])
 	(2008, [ 2.4928 -6.8962])
 	(2009, [ 1.9546 -6.9993])
 	(2010, [ 1.462  -7.1343])
 	(2011, [ 1.    -7.311])
 	(2012, [-0.8949 -7.2203])
 	(2013, [-2.7131 -6.5753])
 	(2014, [-4.3036 -5.4272])
 	(2015, [-5.5386 -3.8651])
 	(2016, [-6.3204 -2.0089])
 	(2017, [-6.5879 -0.    ])
 	(2018, [-6.3204  2.0089])
 	(2019, [-5.5386  3.8651])
 	(2020, [-4.3036  5.4272])
 	(2021, [-2.7131  6.5753])
 	(2022, [-0.8949  7.2203])
 	(2023, [1.     7.3109])
 	(2024, [1.462  7.1342])
 	(2025, [1.9546 6.9992])
 	(2026, [2.4928 6.8961])
 	(2027, [3.099  6.8183])
 	(2028, [3.8082 6.7612])
 	(2029, [4.6682 6.7215])
 	(2030, [5.7206 6.6959])
 	(2031, [6.976  6.6814])
 	(2032, [8.4259 6.675 ])
 	(2033, [10.     6.675])
 	(3004, [11.5741  5.    ])
 	(3003, [11.5741  3.325 ])
 	(3002, [11.7353  1.6574])
 	(3001, [12.125  0.   ])
 	(4001, [1.2617 0.    ])
 	(4002, [ 1.2235 -0.0076])
 	(4003, [ 1.1586 -0.0108])
 	(4004, [ 1.1152 -0.0072])
 	(4005, [1.1076 0.    ])
 	(4006, [0.8706 0.    ])
 	(4007, [ 0.7412 -0.0261])
 	(4008, [ 0.5    -0.0469])
 	(4009, [ 0.2929 -0.054 ])
 	(4010, [ 0.134  -0.0457])
 	(4011, [ 0.0341 -0.0241])
 	(4012, [0.017 0.   ])
 	(4013, [0.0341 0.0241])
 	(4014, [0.134  0.0457])
 	(4015, [0.2929 0.054 ])
 	(4016, [0.5    0.0469])
 	(4017, [0.7412 0.0261])
 	(4018, [0.8706 0.    ])
 	(4019, [1.1076 0.    ])
 	(4020, [1.1152 0.0072])
 	(4021, [1.1586 0.0108])
 	(4022, [1.2235 0.0076])
 	(4023, [1.2617 0.    ])
 )